1.99242   4.88597e-09
1.93368   6.52032e-09
1.91881   8.01892e-09
1.89319   1.14335e-08
1.86548   8.53024e-09
1.82657   4.76828e-09
1.72818   3.62053e-09
1.62721   1.32873e-09
1.61166   1.11491e-09
1.53437   9.1861e-10
1.45943   1.27975e-09
1.40374   1.3031e-09
1.3436   1.34457e-09
1.32024   1.42225e-09
1.24589   2.06179e-09
1.16099   3.15772e-09
1.1103   3.68977e-09
1.07338   3.85078e-09
1.0125   3.78135e-09
0.954913   3.55217e-09
0.891781   3.31452e-09
0.830662   3.21551e-09
0.771108   3.34653e-09
0.693499   4.01673e-09
0.655609   4.50482e-09
0.601697   5.28319e-09
0.541414   5.84959e-09
0.494204   6.198e-09
0.421616   6.12764e-09
0.332974   6.09883e-09
0.287113   6.1557e-09
0.233663   6.19409e-09
0.196136   6.02229e-09
0.136188   5.82007e-09
0.110285   5.86677e-09
0.0932006   5.96475e-09
0.0843323   5.98451e-09
0.0689302   5.86794e-09
0.0583378   5.86288e-09
0.0470999   5.85735e-09
0.0369383   5.85551e-09
0.0292784   5.89938e-09
0.0195814   5.88972e-09
0.012951   5.88448e-09
0.00763542   5.72839e-09
0.00501363   5.78262e-09
0.00322558   5.79744e-09
0.00220521   5.77725e-09
0.00150054   5.75357e-09
0.00122078   5.74605e-09
0.00100308   5.80467e-09
