0.0979084   9.81201e-08
0.0898472   6.25557e-08
0.0787614   3.42895e-08
0.0677277   1.75904e-08
0.057729   8.87337e-09
0.0490823   4.20589e-09
0.0404983   1.95771e-09
0.0341475   1.08873e-09
0.0281485   5.65528e-10
0.0228826   3.10017e-10
0.0188243   1.73228e-10
0.0141212   8.99355e-11
0.0110775   5.49791e-11
0.00876893   3.60282e-11
0.00722744   2.62929e-11
0.00489302   1.53823e-11
0.00352464   1.09945e-11
0.00270055   8.83779e-12
0.00193281   6.81627e-12
0.00120384   4.82373e-12
0.00100286   4.48606e-12
