1.96243   6.56251e-08
1.8104   5.71962e-08
1.57877   4.71703e-08
1.40058   4.02614e-08
1.2365   3.22924e-08
1.10624   2.6882e-08
1.01678   2.35566e-08
0.923962   2.06614e-08
0.898602   1.94886e-08
0.838037   1.62223e-08
0.789507   1.36226e-08
0.683782   1.16659e-08
0.571032   1.06672e-08
0.499559   7.24826e-09
0.48411   4.08608e-09
0.458129   4.48212e-09
0.421289   4.38089e-09
0.356161   1.24204e-09
0.332473   1.39719e-09
0.291926   1.89939e-09
0.252653   2.21537e-09
0.195673   1.64886e-09
0.161092   1.19413e-09
0.136749   8.85723e-10
0.126502   7.82384e-10
0.117086   6.81763e-10
0.105226   6.26641e-10
0.0940539   7.09778e-10
0.0804243   5.33126e-10
0.0646784   3.30266e-10
0.0578603   2.64587e-10
0.0477692   1.72985e-10
0.0410195   1.25518e-10
0.0228848   3.42775e-11
0.0174823   1.91937e-11
0.0010012   6.07815e-14
