0.156712   9.83433e-08
0.135392   6.75989e-08
0.1178   4.40073e-08
0.10677   3.28772e-08
0.0922844   2.07655e-08
0.0806675   1.38634e-08
0.0750354   1.07561e-08
0.0636383   6.44962e-09
0.0521256   3.48543e-09
0.0458507   2.31548e-09
0.0411849   1.60864e-09
0.0367152   1.03836e-09
0.0318181   6.13905e-10
0.028915   4.3754e-10
0.0259725   3.017e-10
0.0219931   1.77039e-10
0.0185199   1.092e-10
0.016347   8.05484e-11
0.014618   6.25672e-11
0.0125149   4.66314e-11
0.0110724   3.76104e-11
0.00935654   3.07637e-11
0.00802843   2.56027e-11
0.00696102   2.34751e-11
0.00641435   2.259e-11
0.00530665   1.74908e-11
0.00463613   1.46518e-11
0.0042212   1.29445e-11
0.00370496   1.03562e-11
0.00334905   8.85629e-12
0.00300911   7.48021e-12
0.00277971   6.71182e-12
0.00250488   6.07561e-12
0.00223315   5.93341e-12
0.00189342   5.63415e-12
0.00170194   5.5635e-12
0.00156598   5.40936e-12
0.00145752   5.24247e-12
0.00129041   4.88465e-12
0.00111962   4.52139e-12
0.00100235   4.42343e-12
