0.307561   1.01275e-07
0.293611   7.41128e-08
0.28068   4.64079e-08
0.26869   2.45184e-08
0.262787   1.27462e-08
0.260922   7.92665e-09
0.258545   5.23185e-09
0.251759   9.03228e-09
0.245148   1.89042e-08
0.241596   2.76264e-08
0.232391   3.30299e-08
0.216424   4.05139e-08
0.202801   4.86155e-08
0.19556   5.12506e-08
0.189887   5.17945e-08
0.182254   5.14669e-08
0.171678   4.94254e-08
0.146571   3.98989e-08
0.122519   2.96348e-08
0.108294   2.33567e-08
0.0942374   1.89502e-08
0.0837621   1.57105e-08
0.0697011   1.25022e-08
0.0620673   1.10818e-08
0.0547913   9.86623e-09
0.0495036   8.96346e-09
0.0434597   7.35692e-09
0.0378982   5.62164e-09
0.0351757   4.31976e-09
0.0319934   3.1399e-09
0.0295294   2.59327e-09
0.027171   2.2455e-09
0.0243304   1.93424e-09
0.0213908   1.69094e-09
0.0175078   1.46054e-09
0.0133891   1.24816e-09
0.0101455   1.10754e-09
0.00865878   1.02049e-09
0.00685588   9.68024e-10
0.0055662   9.05027e-10
0.00399839   8.68559e-10
0.0030112   8.30777e-10
0.00236874   8.13963e-10
0.00192652   7.74921e-10
0.00129349   7.19966e-10
0.00108737   6.99582e-10
0.000997644   7.06912e-10
