0.171534   9.74446e-08
0.15841   7.45615e-08
0.148061   5.78394e-08
0.141999   5.16263e-08
0.13335   4.20206e-08
0.12696   3.464e-08
0.121963   3.07957e-08
0.118955   2.79647e-08
0.116703   2.56041e-08
0.117337   2.14158e-08
0.116852   1.80746e-08
0.117091   1.49402e-08
0.114324   1.25975e-08
0.109251   8.26214e-09
0.105649   5.78455e-09
0.102877   4.12765e-09
0.0984501   2.67496e-09
0.0950278   1.81624e-09
0.0904688   1.23189e-09
0.0867973   9.22997e-10
0.0835523   6.84463e-10
0.0809405   5.71709e-10
0.0785369   5.45743e-10
0.0762855   5.61493e-10
0.0739972   6.04982e-10
0.0729767   6.61877e-10
0.0707753   8.0276e-10
0.0701391   8.96043e-10
0.0666569   1.24312e-09
0.0648273   1.47771e-09
0.0626196   1.58397e-09
0.0592268   1.74013e-09
0.0568119   1.75944e-09
0.0535532   1.75117e-09
0.0499853   1.66174e-09
0.0464377   1.47069e-09
0.0422484   1.20631e-09
0.0369649   9.04392e-10
0.0330125   7.09817e-10
0.0290449   5.30723e-10
0.0255756   4.10113e-10
0.0231159   3.23078e-10
0.0193358   2.16749e-10
0.0157672   1.38485e-10
0.0134255   9.99204e-11
0.0106752   6.24405e-11
0.00890498   4.27488e-11
0.00677783   2.57262e-11
0.00554632   1.78803e-11
0.00444768   1.16605e-11
0.00381384   8.8276e-12
0.00327747   6.70217e-12
0.00282815   5.23956e-12
0.00244909   4.13006e-12
0.00203818   3.06041e-12
0.00171084   2.29182e-12
0.00148536   1.80937e-12
0.0012559   1.42147e-12
0.00113317   1.22472e-12
0.00100724   1.01997e-12
