1.99914   3.381e-09
1.81612   2.88977e-09
1.57014   2.43852e-09
1.36719   2.02572e-09
1.2549   1.71713e-09
1.15396   1.55848e-09
1.06692   1.48439e-09
0.950473   1.29824e-09
0.882981   1.12299e-09
0.836551   9.47361e-10
0.777896   8.41659e-10
0.732734   7.82286e-10
0.640116   7.39063e-10
0.581054   7.07455e-10
0.514918   5.45536e-10
0.495528   2.16562e-10
0.455903   3.3368e-10
0.425267   2.91252e-10
0.400365   1.86871e-10
0.388039   1.10366e-10
0.380257   8.76206e-11
0.359177   8.23968e-11
0.314582   1.18109e-10
0.296789   1.40237e-10
0.282008   1.47962e-10
0.261111   1.52866e-10
0.244616   1.46154e-10
0.219576   1.28485e-10
0.188897   1.06094e-10
0.0234137   2.85033e-12
0.0122629   7.43915e-13
0.00631223   1.94291e-13
0.00303063   4.69265e-14
0.00121113   8.69807e-15
0.000995536   5.79475e-15
