1.68767   1.00798e-07
1.50509   8.49496e-08
1.32508   7.16277e-08
1.20588   5.89359e-08
1.14982   5.49645e-08
1.05892   5.00107e-08
0.991821   4.5568e-08
0.965639   4.37346e-08
0.813103   2.93103e-08
0.671814   2.33851e-08
0.63825   2.30111e-08
0.601449   2.24388e-08
0.566814   2.14015e-08
0.542116   1.96559e-08
0.510705   1.81015e-08
0.506592   1.60278e-08
0.498356   1.26897e-08
0.497632   1.09349e-08
0.466671   8.46289e-09
0.425742   9.56894e-09
0.398643   6.26342e-09
0.384299   4.5688e-09
0.368578   3.16721e-09
0.363341   2.59557e-09
0.334866   2.62058e-09
0.311573   3.22154e-09
0.302952   3.64643e-09
0.289998   3.95656e-09
0.260509   4.53361e-09
0.246416   4.38528e-09
0.217555   3.92911e-09
0.188262   3.14285e-09
0.137241   1.76353e-09
0.109558   1.29175e-09
0.0898493   1.31982e-09
0.0863715   1.25489e-09
0.0735322   9.17841e-10
0.0291377   1.20282e-10
0.0122086   1.81342e-11
0.00771398   6.69235e-12
0.00498666   2.72629e-12
0.00321143   1.0996e-12
0.00162176   3.03795e-13
0.00116948   1.67835e-13
0.00100249   1.21462e-13
