1.97035   5.35839e-09
1.93831   6.79627e-09
1.92076   8.96525e-09
1.88759   1.24639e-08
1.8694   9.37169e-09
1.8494   7.29984e-09
1.82656   5.65404e-09
1.8207   4.79865e-09
1.78459   4.3174e-09
1.74658   3.88521e-09
1.71356   2.9888e-09
1.68944   2.46782e-09
1.66861   1.99537e-09
1.63729   1.56804e-09
1.63087   1.34552e-09
1.61861   1.18478e-09
1.60289   1.06916e-09
1.56286   9.50315e-10
1.54227   9.34065e-10
1.49725   1.13528e-09
1.46032   1.26922e-09
1.44309   1.32542e-09
1.38601   1.31756e-09
1.33531   1.37843e-09
1.30506   1.51934e-09
1.27312   1.73311e-09
1.23856   2.11654e-09
1.19689   2.68364e-09
1.16892   3.09226e-09
1.1386   3.45043e-09
1.1182   3.69596e-09
1.07733   3.83738e-09
1.02465   3.77978e-09
0.958153   3.56878e-09
0.876817   3.31873e-09
0.821635   3.28129e-09
0.773738   3.34879e-09
0.721209   3.67102e-09
0.671372   4.3091e-09
0.630315   4.84573e-09
0.586438   5.46638e-09
0.556226   5.76306e-09
0.530632   5.9678e-09
0.484092   6.07729e-09
0.424185   6.08643e-09
0.340217   6.14175e-09
0.254805   6.0456e-09
0.212517   5.98599e-09
0.16183   5.90744e-09
0.122888   5.79668e-09
0.105647   5.75953e-09
0.104362   4.90362e-09
0.101298   3.53928e-09
0.0974762   2.41321e-09
0.0933856   1.61768e-09
0.0895005   1.15881e-09
0.086201   8.89096e-10
0.0837285   7.19576e-10
0.0821824   6.21688e-10
0.0802058   5.69795e-10
0.0785821   5.47907e-10
0.0758823   5.67722e-10
0.0738217   6.37932e-10
0.0709956   8.26652e-10
0.0691906   9.83013e-10
0.0665622   1.3021e-09
0.0647743   1.49324e-09
0.0628305   1.52685e-09
0.0611022   1.67569e-09
0.0573976   1.79283e-09
0.0537334   1.78052e-09
0.0498301   1.63197e-09
0.0457735   1.4129e-09
0.0413319   1.16798e-09
0.0361189   8.72388e-10
0.0335787   7.31268e-10
0.032172   6.31512e-10
0.0299215   4.86197e-10
0.0262451   3.08302e-10
0.0235198   2.19615e-10
0.0200735   1.37331e-10
0.0179684   1.00918e-10
0.015907   7.58351e-11
0.0142165   5.92293e-11
0.0123841   4.62373e-11
0.0112258   3.90692e-11
0.00997579   3.27401e-11
0.00894957   2.91992e-11
0.00841171   2.75286e-11
0.00806977   2.60216e-11
0.0075956   2.28457e-11
0.00695437   1.92751e-11
0.00615997   1.53078e-11
0.00537682   1.19214e-11
0.00406733   7.44487e-12
0.00332151   5.39679e-12
0.002772   4.0949e-12
0.00230433   3.09469e-12
0.00162179   1.89997e-12
0.00143713   1.67942e-12
0.00132042   1.52605e-12
0.00124907   1.40469e-12
0.00113707   1.23462e-12
0.00101357   1.02864e-12
